58,59,60,61,62,63,64,65;92,93,94,95,96,97,98,99,100,101,102,103
98,99,100,101,102,103,104,105;58,59,60,61,62,63,64,65,66,67,68,69
64,65,66,67,68,69,70,71,72,73,74,75;62,63,64,65,66,67,68,69,70,71,72,73,74,75
84,85,86,87,88,89,90,91,92,93,94,95,96,97,98;72,73,74,75,76,77,78,79,80,81
56,57,58,59,60;76,77,78,79,80,81,82,83,84,85
81,82,83,84,85,86,87,88,89,90,91,92,93;54,55,56,57,58,59,60,61,62,63
58,59,60,61,62,63,64,65,66,67,68,69,70,71,72;51,52,53,54,55,56,57,58,59
62,63,64,65,66,67,68,69,70,71,72;94,95,96,97,98,99,100,101
79,80,81,82,83,84,85,86,87,88,89,90,91;73,74,75,76,77,78,79
90,91,92,93,94,95,96,97,98,99,100,101,102;87,88,89,90,91,92,93,94,95,96,97
9,10,11;11,12,13
9,10,11;33,34,35
97,98,99,100,101,102;96,97,98,99,100,101,102,103,104,105,106,107,108,109
59,60,61,62,63,64,65,66,67;66,67,68,69,70,71,72,73
99,100,101,102,103,104,105,106,107;56,57,58,59,60,61,62,63,64,65,66,67,68,69
73,74,75,76,77,78,79,80,81,82,83,84,85,86,87;90,91,92,93,94,95,96,97,98,99,100
97,98,99,100,101,102,103,104,105,106;67,68,69,70,71,72,73,74,75,76,77
63,64,65,66,67,68,69,70,71,72,73,74;85,86,87,88,89,90,91,92
1,2,3,4;3,4,5,6
20,25,36,45,89;25,36,77,88,98