-76.920 17.045 69.698 -1.076 80.607 59.363 83.197 54.728 53.056 -42.357 -80.605 -63.469 -36.391 -42.958 -56.872 20.315 89.977 -30.393 3.433
-31.132 -67.139 9.018 -38.023 -7.807 -63.292 46.657 -62.563 -8.397 -82.702 -47.059 -94.841 -100.649 -54.502 -15.160 -49.327
-25.135 -75.116 79.534 79.047 -46.517 -55.017 -72.821 -53.395 80.554 95.176 -76.457
33.617 -77.125 81.453 47.387 58.713 21.945 -33.204 58.570 -10.134 -96.467 -58.851 -12.617 22.523 67.941 79.275 35.299 58.034
-74.583 -24.676 -3.554 -82.204 15.894 -2.574 86.989 94.514 -43.657 93.671 -10.755 -80.612 72.595 -48.441 8.622 -28.420 14.905 26.966
-79.748 -67.576 100.116 -24.570 7.132 -50.586 25.514 -22.958 -0.608 -79.560
-15.846 52.353 -35.248 -18.754 -75.062 -30.433 42.643 -0.030 89.067 -39.863 -37.573 -64.065 -91.688 5.979 -84.948 -12.156 65.508 99.269 -90.814
-0.272 22.580 -32.943 -69.284 67.634 26.343 78.217 -69.319 37.427 -49.124 73.250 -70.853 -52.531 54.324 79.647 -85.755
9.396 -69.636 -19.998 -86.708 -12.400 47.647 13.344 -50.303 -16.207 -23.304 61.631 -39.341 4.132 25.403 -95.633
37.602 -54.038 84.406 -93.145 47.836 -4.113 13.875 94.243 20.905 -1.705 12.742 -46.135 -52.567 -54.084 11.177 39.306 -20.820 68.954
-52.227 90.783 -3.566 -58.604 35.145 -91.262 -44.528 66.222 -81.131 7.151 -19.120
-52.296 -61.742 68.471 12.559 46.156 -57.319 8.467 -18.828 59.975 -6.654 -53.908
-87.322 4.949 45.672 -60.462 16.387 -78.884 3.124 25.155 -43.641 38.177 89.077 -79.072
-25.664 58.048 84.819 49.171 -59.212 64.580 3.699 -92.551 40.281 -10.515 94.936 -86.885 -15.652 82.850 7.288 -31.151 -74.787 -25.726 70.876
60.154 91.050 -34.805 -8.808 -39.141 81.673 -64.283 -13.784 19.908 -33.437 43.109 91.050 21.634 -73.693 -66.708 -41.447
40.710 -74.147 -35.544 55.342 -39.219 -2.909 -70.849 -46.128 -25.768 25.666 10.545 -99.816 1.382 19.130 30.145
-9.963 73.025 -58.409 -38.178 26.887 20.519 42.273 11.849 -13.401 -41.319
-62.167 -87.390 -59.345 -31.768 46.820 -11.335 59.678 3.583 7.390 -23.260 -15.959
-72.656 84.180 63.133 -78.051 -11.203 -36.070 -98.067 -1.646 70.083 95.613 -31.681 -62.222 -96.787 88.481 -69.995
37.699 78.207 -63.106 -46.039 -40.324 -73.967 39.671 31.614 -47.291 -43.053 -25.038 -92.601 -72.523 97.733 23.539 93.247 -86.867 73.876